7.76084
7.30953
7.16547
7.1489
7.11827
7.08667
7.08622
7.04798
7.06842
7.03097
7.01594
7.03902
6.99522
7.02364
6.97443
6.99376
6.9811
6.98728
6.98333
6.98129
6.96663
6.97107
7.00387
6.98863
6.99473
7.0161
7.01041
6.92918
6.92896
6.99525
6.91942
6.95993
6.91777
6.96199
6.93742
6.9364
6.92175
6.94049
6.9392
6.91134
6.95222
6.90396
6.89063
6.93483
6.90839
6.93888
6.91332
6.93603
6.89706
6.88201
6.88988
6.92916
6.90827
6.89793
6.91611
6.89637
6.86923
6.9329
6.9638
6.93358
6.92616
6.90135
6.88514
6.88816
6.91439
6.894
6.91648
6.91118
6.93824
6.91759
6.90521
6.91478
6.92567
6.92739
6.95148
6.89689
6.90209
6.91308
6.89808
6.91301
